  reading parsed pdb file: 2A_Orig.pdb
  reading parsed pdb file: 2A_2B.pdb
Following are the notable errors in the 2 PDB's
2.540921
2.535294
2.655364
2.654686
2.510328
2.763125
2.916067
2.968641
2.983212
3.042834
3.232278
3.248824
3.406944
3.438238
3.630431
3.646715
3.888876
2.972039
3.011242
2.908313
2.969037
2.957302
2.967185
3.053115
2.800008
2.758035
2.656484
2.655934
2.621053
2.520891
2.685815
2.695575
2.823891
2.806516
2.702495
2.735094
2.671997
2.762592
2.700556
2.957837
3.119039
3.086764
3.155646
3.291137
3.337180
3.423565
3.531141
3.371669
2.970317
2.907574
2.803510
2.807729
2.802859
2.846042
2.940334
2.842779
2.792610
2.657147
2.889319
2.709765
2.614620
2.676334
2.634681
2.532810
2.432841
2.374261
2.398918
2.296703
2.768718
2.839685
2.911021
2.878522
2.966538
2.876476
3.058478
2.983744
3.006177
3.073809
2.922978
2.912986
3.205968
3.419128
2.808334
2.676934
2.607011
2.550862
2.576987
2.454009
2.432245
2.366477
2.329886
2.272290
2.255736
2.598577
2.522202
2.574888
2.512641
2.500149
2.407690
2.455941
2.692963
2.760517
2.763090
2.747632
2.922990
2.924332
3.106586
3.098902
2.952364
2.776242
2.770222
2.620529
2.586951
2.830456
2.985085
2.535725
2.411994
2.365507
2.298349
2.344261
2.237650
2.208303
2.161513
2.123309
2.096648
2.398965
2.344852
2.382132
2.314816
2.353642
2.279879
2.184715
2.309870
2.125650
2.240579
2.151017
2.493099
2.537812
2.460930
2.428601
2.680841
2.771396
2.424458
2.350896
2.244884
2.195618
2.342900
2.276740
2.219367
2.173411
2.104333
2.115938
2.034707
2.214198
2.127595
2.123951
2.064634
2.103136
2.090925
2.032169
2.048672
1.968498
2.191199
2.187895
2.178625
2.126261
2.272241
2.244413
2.252059
2.145903
2.221408
2.208522
2.129208
2.099931
2.301938
2.343384
2.452956
2.449710
2.547064
2.088779
2.013461
1.945721
1.901234
2.006116
2.072743
2.042582
2.011897
2.049617
1.942514
1.880792
1.868582
1.812490
1.880973
1.890616
1.852453
1.849193
1.800011
1.745152
1.804015
1.922298
1.911025
1.930971
1.918687
1.947044
1.918811
1.962587
1.844285
1.955514
1.971292
2.038078
2.033070
2.102196
2.177231
2.252141
2.253267
2.213143
2.165445
2.075553
2.158964
2.303071
2.393658
2.504221
2.498451
2.376916
2.363519
2.278343
2.416564
2.606492
2.736303
2.798506
2.762739
2.846525
2.974043
3.145350
3.132394
3.298995
2.892229
2.921291
3.086853
3.122879
2.778152
2.815559
2.682579
3.187572
3.363927
3.281072
3.134330
3.493346
3.566195
3.696006
3.917470
3.558501
3.389859
3.291082
3.427739
3.647571
3.242829
3.311173
3.392785
3.473852
3.412860
3.195908
3.065907
3.099574
3.604186
3.625140
3.490406
3.399468
3.924362
3.905759
4.104509
3.940554
3.460576
3.334907
3.127748
3.097269
3.449430
3.675284
3.781829
3.590462
2.995332
2.827531
2.764292
2.788313
2.727660
2.613191
2.684833
2.611674
2.491270
2.422946
2.575996
2.516774
2.550676
2.487053
2.457754
2.353963
2.538158
2.468929
2.366609
2.273470
2.267155
2.368155
2.258793
2.447087
2.211083
2.125932
2.109096
2.042360
2.169308
2.150465
2.124252
2.095437
2.226533
2.319996
2.328467
2.389550
2.133505
2.092733
2.137265
2.095381
2.224144
2.277359
2.327226
2.351831
2.358562
2.407810
2.305353
2.328063
2.364662
2.281252
2.199067
2.392342
2.396102
2.504749
2.562870
2.530985
2.307880
2.238067
2.217372
2.274819
2.271786
2.198530
2.126553
2.216021
2.131714
2.100026
2.070237
2.056895
2.027676
2.039816
2.064454
2.020517
2.059060
2.025344
1.944635
1.898907
2.076328
2.156822
2.194595
2.226546
1.928377
1.859972
1.849308
1.796533
1.847957
1.857770
1.902688
1.893494
1.890176
1.866879
1.906971
1.904360
1.979866
1.992579
1.866213
2.031817
2.116503
2.168253
2.170925
2.159006
2.099941
2.041118
2.024595
2.010474
2.198015
2.259542
2.370318
2.400982
2.240612
2.250843
2.245890
2.256155
2.257680
2.428150
2.555000
2.639261
2.589469
2.587968
2.773791
2.876922
2.888553
2.917443
3.051997
3.145519
3.023634
2.838954
2.838798
3.005623
3.086441
2.727666
2.592817
2.510678
2.516738
2.428176
3.055600
3.217795
3.155167
3.042340
3.419203
3.354258
3.508945
3.190099
3.124861
3.293203
3.421900
3.017220
3.075953
2.922739
2.840839
2.715278
3.312233
3.449361
3.337654
3.154010
3.440483
3.587062
3.508712
3.453793
3.341990
3.251521
3.090444
3.492024
3.354573
3.481894
3.419096
3.500311
3.363307
3.270754
3.116297
3.028922
3.439976
3.085133
2.940085
2.822506
2.791561
2.995007
3.069603
3.087524
2.939150
2.751117
2.674512
2.554027
2.522931
2.629493
2.614214
2.719641
2.503924
2.402714
2.418154
2.339248
2.356382
2.439670
2.520913
2.424397
2.522588
2.535339
2.593975
2.652575
2.602207
2.559047
2.600918
2.679672
2.644675
2.486227
2.478348
2.563786
2.634596
2.548515
2.784716
2.874310
2.878873
2.832003
3.046363
3.031330
2.977959
3.029997
2.924151
2.974197
2.922120
2.911791
2.875234
2.979737
3.002151
2.712386
2.643472
2.500975
2.440824
2.454269
3.035833
3.127281
2.982610
2.848157
3.211997
3.243240
3.413697
3.013457
2.884539
2.833009
2.926729
2.933100
2.948433
2.805762
2.689259
2.621525
2.606833
2.583629
2.488916
2.476550
2.385279
2.531224
2.379503
2.463113
2.587998
2.585507
2.570328
2.556422
2.474136
2.373401
2.571131
2.555265
2.427995
2.401486
2.644723
2.802971
2.881500
2.823211
2.353705
2.248282
2.204430
2.169299
2.187634
2.211508
2.166492
2.219688
2.175918
2.137085
2.079704
2.033072
2.068979
2.028281
2.317411
2.382969
2.363730
2.357731
2.510589
2.595486
2.624777
2.647315
2.691519
2.707100
2.639432
2.759974
2.688678
2.748812
2.352414
2.330010
2.237652
2.232027
2.310355
2.403054
2.365597
2.308109
2.265152
2.169165
2.083241
2.076415
2.030546
2.019593
1.939624
1.885979
1.822339
1.773326
1.770871
1.722663
2.123805
2.122335
2.160065
2.127725
2.170942
2.172442
2.139149
2.173430
2.072721
2.232311
2.279184
2.208960
2.194197
2.378767
2.451965
2.435261
2.161232
2.094770
2.027649
1.986099
2.055341
2.107565
2.076525
2.095479
2.020507
1.954787
1.972117
1.928228
2.038760
2.065350
2.075006
2.061381
2.146594
2.174998
2.264968
2.321645
2.278586
2.093919
2.101330
2.033976
2.036130
2.191451
2.272952
2.283662
2.340882
2.355026
2.394037
1.978228
1.909798
1.914693
1.893234
1.861792
1.820102
1.822485
1.784680
1.940189
1.928962
1.853503
1.820259
1.976427
2.062532
2.102809
2.107484
2.193905
2.199904
2.247833
1.827585
1.762867
1.754779
1.796476
1.734528
1.732511
1.701771
1.684726
1.703419
1.689238
1.625519
1.732746
1.754734
1.823839
1.851222
1.853660
1.924776
1.969340
1.945202
1.929876
1.870064
1.874253
1.914347
1.834675
2.038201
2.093441
2.187851
2.209114
2.247658
2.354167
2.380970
2.313238
2.419845
2.439960
2.382290
2.394576
2.475137
2.525175
2.671308
2.731573
2.484952
2.551430
2.659164
2.506777
2.723578
2.559135
2.667315
2.712954
2.729317
2.889354
2.948417
2.850124
2.918745
2.822011
2.864310
3.106268
3.186835
3.259413
3.443192
3.348495
3.248917
3.205830
3.159688
3.100485
3.073297
3.119174
3.130114
3.207133
3.125700
2.942328
2.922798
2.943259
2.784615
3.354844
3.429567
3.349491
3.378743
3.704052
3.785383
4.117102
4.175341
4.544140
3.238151
3.143963
3.144782
3.176271
2.951296
3.098872
3.069431
2.886339
2.836276
3.194388
3.379580
3.540820
3.489000
2.793576
2.646137
2.606265
2.533394
2.557791
2.583604
2.502348
2.458881
2.398616
2.302710
2.417249
2.635722
2.613561
2.475876
2.444931
2.670114
2.654663
2.683093
2.399024
2.287142
2.230244
2.146837
2.236868
2.236367
2.275263
2.195592
2.277483
2.231835
2.180241
2.211107
2.306193
2.255908
2.218650
2.271384
2.138900
2.101715
2.040267
2.035911
2.036467
1.961287
1.955053
1.972796
1.934012
2.024791
2.027277
2.096581
2.111708
1.950113
1.919305
1.916032
1.856537
1.814001
1.821375
1.756214
2.150882
2.215666
2.159947
2.114587
2.296795
2.347642
2.428862
2.396573
2.146548
2.093196
2.148228
2.232922
2.027873
2.058273
2.104179
2.138655
2.159936
2.189145
2.065840
1.995485
2.026621
2.154269
2.150767
2.221413
2.258791
2.062844
1.994886
1.963570
2.017812
2.227272
2.278087
2.372693
2.360819
2.210788
2.125113
2.118828
2.047501
2.041725
2.001188
2.468087
2.576572
2.608913
2.567885
2.693063
2.823710
2.689054
2.736993
2.852278
2.865848
2.797883
2.795032
2.698997
2.928832
3.060340
2.979434
2.939692
3.231789
3.396483
3.440038
3.487235
3.572423
3.626523
3.671584
3.787361
2.960934
2.853564
2.942225
3.014078
2.725344
2.634342
2.632465
2.928900
2.980117
2.825817
2.711913
3.085682
3.003074
2.851086
3.096714
2.830733
2.695329
2.714376
2.821399
2.618578
2.508913
2.465957
2.459344
2.433333
2.611262
2.582788
2.504409
2.403024
2.505260
2.569929
2.635450
2.563740
2.671953
2.626476
2.504919
2.628560
2.506315
2.565923
2.564105
2.500353
2.456374
2.522389
2.586220
2.516032
2.411385
2.574388
2.348893
2.301289
2.214954
2.182483
2.264344
2.189617
2.198379
2.097263
2.115659
2.057508
2.047400
1.977120
1.968895
1.937463
2.174111
2.107748
2.066277
2.105061
2.146818
2.081247
2.056872
2.105962
1.990129
1.989737
1.947301
1.885567
1.853043
1.917392
1.889184
1.827063
1.826384
1.774728
1.751696
1.758700
1.867599
1.815550
1.754408
1.743916
1.826362
1.766344
1.880162
1.716035
1.661895
1.623508
1.626198
1.637845
1.650224
1.651361
1.592953
1.585769
1.548098
1.514558
1.519078
1.481891
1.446182
1.421475
1.415420
1.421448
1.432537
1.427092
1.446087
1.407694
1.382654
1.401565
1.383113
1.438781
1.462705
1.473841
1.492616
1.502008
1.490158
1.521347
1.563056
1.504617
1.460630
1.466988
1.436531
1.408799
1.462861
1.502587
1.493117
1.521603
1.508377
1.477495
1.535759
1.441785
1.417379
1.437350
1.472680
1.379873
1.380824
1.343818
1.324849
1.333366
1.416651
1.432634
1.439326
1.468820
1.404936
1.413297
1.437584
1.395000
1.442539
1.399423
1.423024
1.412855
1.416029
1.455317
1.467455
1.384037
1.385544
1.472397
1.514851
1.551450
1.582479
1.522426
1.490637
1.570188
1.545407
1.574957
1.570946
1.606432
1.560542
1.589668
1.640488
1.562853
1.529642
1.518989
1.542420
1.564695
1.470793
1.456478
1.417183
1.394324
1.356048
1.538063
1.553909
1.607636
1.629643
1.527336
1.524811
1.630132
1.687217
1.713704
1.756248
1.703411
1.685982
1.767385
1.687892
1.701662
1.686083
1.709267
1.670510
1.677470
1.687583
1.645957
1.629110
1.668874
1.676036
1.579912
1.537918
1.495073
1.495153
1.462025
1.694312
1.731278
1.790022
1.812555
1.739954
1.813120
1.868358
1.852958
1.892520
1.883980
1.916888
1.929619
1.939248
1.795649
1.776024
1.769830
1.777238
1.716694
1.690200
1.646285
1.704001
1.631666
1.664649
1.745328
1.662627
1.742568
1.700329
1.754095
1.742396
1.799517
1.796880
1.705662
1.852297
1.919019
1.944969
1.970466
1.931789
1.940121
1.896776
1.917629
1.911753
1.957116
1.908522
1.938498
1.838651
1.795287
1.816063
1.804501
1.732526
1.701904
1.691022
1.652393
1.644487
1.848194
1.868179
1.929927
1.934054
1.879787
1.980392
2.047005
2.020009
2.051999
2.117550
2.137426
2.199750
1.959134
1.924810
1.887976
1.888842
1.871404
1.837866
1.775797
1.746604
1.756989
1.855931
1.824162
1.870795
1.849819
1.785178
1.932527
1.985523
2.026765
2.041865
2.041494
2.040286
2.068254
2.002965
2.016937
2.088965
2.089504
2.174039
1.933869
1.874432
1.869696
1.857555
1.812035
1.759816
1.872518
1.855556
1.908424
1.887869
1.841578
1.850238
1.853214
1.887469
1.817984
1.975671
2.036180
2.039526
2.034060
2.120212
2.140917
2.167460
2.237840
2.117290
2.046967
2.056937
1.983080
1.980987
2.127391
2.215159
2.267182
2.245694
2.355954
2.330860
2.390640
1.927078
1.860766
1.847864
1.805296
1.880312
1.857996
1.804713
1.809247
1.916122
1.972806
2.050643
1.946360
1.756837
1.706099
1.714807
1.743401
1.658991
1.691866
1.692511
1.658167
1.620916
1.669691
1.683722
1.672631
1.669956
1.638276
1.631312
1.596661
1.657133
1.713700
1.760867
1.722172
1.820413
1.777962
1.829740
1.665794
1.659971
1.612826
1.601122
1.709345
1.766800
1.816261
1.763989
1.586879
1.544983
1.555221
1.595382
1.527725
1.547720
1.595571
1.520255
1.521475
1.525647
1.546145
1.479491
1.474448
1.490508
1.450360
1.503435
1.498592
1.518377
1.513197
1.452320
1.426593
1.387206
1.363448
1.380535
1.539752
1.547823
1.504227
1.475996
1.590177
1.603103
1.577778
1.660322
1.497779
1.459559
1.467692
1.496873
1.438889
1.414772
1.410728
1.388657
1.382911
1.369757
1.439344
1.441571
1.411399
1.377784
1.434205
1.463548
1.501266
1.455394
1.532063
1.483181
1.522462
1.424541
1.398244
1.410986
1.444433
1.396606
1.370458
1.383148
1.386075
1.393578
1.393166
1.375567
1.364540
1.373003
1.371905
1.382619
1.380597
1.387275
1.414406
1.416438
1.378502
1.373865
1.446164
1.443385
1.353557
1.318944
1.299184
1.278000
1.302736
1.268819
1.266601
1.273883
1.256122
1.305763
1.288531
1.294433
1.275311
1.297565
1.289732
1.290488
1.278014
1.302732
1.323194
1.331206
1.307618
1.296597
1.368882
1.398063
1.431638
1.381116
1.300565
1.278068
1.245907
1.228964
1.276495
1.284356
1.297452
1.307523
1.238210
1.210060
1.209018
1.186829
1.199628
1.219833
1.233139
1.234645
1.235262
1.218017
1.261680
1.255245
1.282382
1.271469
1.288803
1.299550
1.282646
1.254581
1.260521
1.255015
1.276042
1.293829
1.301824
1.290558
1.318938
1.295433
1.324287
1.312273
1.317313
1.226980
1.218308
1.216686
1.210862
1.189630
1.181769
1.202001
1.221609
1.221495
1.252240
1.255202
1.204545
1.207466
1.205358
1.208005
1.275403
1.308339
1.329392
1.324498
1.323139
1.307346
1.309433
1.322730
1.354826
1.380693
1.408610
1.407206
1.400233
1.414271
1.389700
1.450251
1.435694
1.463009
1.493143
1.503077
1.486028
1.508217
1.533169
1.504334
1.515610
1.546725
1.546836
1.593345
1.630743
1.684434
1.466450
1.437964
1.423487
1.406237
1.428966
1.415941
1.448507
1.440311
1.399612
1.360283
1.343402
1.365065
1.374039
1.393454
1.375064
1.486606
1.525235
1.524165
1.528460
1.569143
1.590272
1.636688
1.664307
1.646391
1.514219
1.518288
1.482281
1.488556
1.519525
1.512495
1.533535
1.532003
1.560863
1.602346
1.543129
1.446208
1.412887
1.414668
1.406180
1.376801
1.426719
1.427999
1.457863
1.447468
1.436213
1.420819
1.481136
1.378626
1.492229
1.524782
1.505924
1.507191
1.567634
1.485663
1.463564
1.429806
1.420479
1.444967
1.416925
1.425255
1.400323
1.405203
1.411650
1.377582
1.385097
1.364877
1.355940
1.325805
1.330177
1.297818
1.414684
1.421624
1.454490
1.454654
1.429764
1.394811
1.359639
1.392576
1.484580
1.521632
1.561832
1.603293
1.550768
1.584977
1.561781
1.531146
1.600992
1.573504
1.553920
1.590795
1.632819
1.527432
1.481859
1.548353
1.577423
1.597392
1.563628
1.524350
1.599335
1.622749
1.675669
1.592699
1.697163
1.610437
1.662134
1.578048
1.548584
1.552420
1.588580
1.561002
1.521130
1.494850
1.537539
1.515797
1.513944
1.501830
1.480668
1.479240
1.481021
1.483077
1.517041
1.501426
1.519171
1.494352
1.562157
1.581173
1.595174
1.627375
1.624174
1.602276
1.648456
1.626310
1.569714
1.574654
1.527172
1.519502
1.495472
1.453123
1.429834
1.439114
1.399102
1.372562
1.348424
1.339701
1.349599
1.369019
1.383246
1.415099
1.442233
1.338731
1.317139
1.281939
1.272255
1.329946
1.360059
1.383797
1.381982
1.263576
1.232191
1.227451
1.209332
1.217145
1.213987
1.241886
1.242952
1.256954
1.261229
1.260055
1.289958
1.310048
1.292663
1.265210
1.276996
1.312161
1.322383
1.330187
1.367777
1.388174
1.372550
1.376787
1.349943
1.325113
1.341327
1.303486
1.312215
1.424921
1.451827
1.468332
1.475273
1.488009
1.485033
1.499521
1.463423
1.453425
1.422374
1.458783
1.473367
1.488982
1.532142
1.539672
1.493593
1.515275
1.494811
1.557312
1.521300
1.560498
1.560914
1.602832
1.618784
1.604743
1.645385
1.689335
1.675436
1.739452
1.646037
1.664938
1.703618
1.735796
1.693162
1.691879
1.663928
1.701123
1.736677
1.740767
1.701157
1.708551
1.746953
1.774904
1.768760
1.789821
1.786061
1.796806
1.791006
1.798646
1.756214
1.743688
1.868266
1.733443
1.693975
1.719799
1.693298
1.668009
1.691582
1.744552
1.772417
1.793400
1.818902
1.834199
1.838672
1.880172
1.901324
1.889097
1.820245
1.841002
1.803043
1.783406
1.917248
1.945592
1.945135
1.977295
1.974479
2.009406
2.007042
2.033256
1.791281
1.751520
1.690444
1.675227
1.757402
1.793496
1.796225
1.817060
1.657423
1.602779
1.579808
1.575694
1.578522
1.528190
1.506420
1.511449
1.561892
1.536700
1.489189
1.467472
1.560536
1.582286
1.630005
1.558721
1.637076
1.592260
1.514107
1.579007
1.502890
1.533605
1.473295
1.432049
1.404869
1.372677
1.431089
1.447040
1.417784
1.393079
1.374841
1.392644
1.413873
1.419825
1.389829
1.339466
1.318800
1.320566
1.316409
1.284331
1.286970
1.317664
1.327386
1.330302
1.299999
1.280731
1.363007
1.363500
1.297649
1.273073
1.270134
1.246711
1.277346
1.309249
1.323214
1.339811
1.317983
1.293459
1.292056
1.269152
1.264358
1.325920
1.344690
1.340978
1.328649
1.256425
1.236222
1.251386
1.239095
1.278166
1.294617
1.322657
1.334322
1.306799
1.281871
1.279886
1.261189
1.259502
1.248328
1.332674
1.358688
1.396869
1.406403
1.355617
1.420813
1.462671
1.477503
1.460695
1.507711
1.525649
1.574640
1.601566
1.523374
1.488168
1.453095
1.470835
1.584461
1.633263
1.628467
1.587246
1.661275
1.639210
1.661141
1.597066
1.671059
1.664921
1.715714
1.765274
1.704272
1.745368
1.734725
1.686331
1.738757
1.768362
1.797932
1.760749
1.781606
1.772688
1.779084
1.827586
1.814491
1.806860
1.794178
1.830911
1.727723
1.719649
1.705560
1.667713
1.670011
1.667131
1.722426
1.644118
1.731220
1.710584
1.689455
1.697608
1.756021
1.764549
1.815563
1.658736
1.646881
1.686596
1.689087
1.593895
1.578496
1.572865
1.565906
1.557914
1.553174
1.561300
1.536692
1.544549
1.532766
1.715404
1.749121
1.715071
1.707040
1.809381
1.855131
1.907820
1.835439
1.695536
1.659926
1.687155
1.659620
1.637520
1.677224
1.698429
1.742137
1.774342
1.778027
1.768363
1.840285
1.883500
1.830830
1.786056
1.782923
1.721666
1.706460
1.830983
1.899205
1.940222
1.936860
1.687165
1.633127
1.630861
1.608304
1.600477
1.583574
1.565014
1.546564
1.567186
1.653052
1.654805
1.669415
1.692289
1.693532
1.673598
1.674007
1.656933
1.652270
1.670997
1.733628
1.755128
1.641940
1.763780
1.830954
1.848976
1.832975
1.852695
1.928689
1.968193
1.963070
2.047742
2.041720
2.087716
1.884601
1.897341
1.964343
2.027628
1.896087
1.901578
1.932122
1.931974
1.952439
1.950630
2.008615
2.037975
2.109228
1.976279
2.004170
2.057510
1.935844
1.985300
2.003671
1.960297
1.911802
1.984291
2.030203
1.985184
1.937845
1.943830
2.004323
1.959040
2.030917
1.883457
1.879779
1.814913
1.773474
1.885599
1.840176
1.825895
1.797553
1.806446
1.745713
1.740505
1.783701
1.688147
1.673413
1.683919
1.676730
1.615879
1.606383
1.597894
1.554926
1.703664
1.721285
1.672675
1.635912
1.764491
1.833231
1.841602
1.902659
1.948257
2.021721
1.923734
1.677912
1.641406
1.631706
1.667346
1.662058
1.658768
1.631485
1.584561
1.569215
1.561231
1.567561
1.524637
1.487672
1.471653
1.472429
1.540727
1.530297
1.497625
1.502096
1.511088
1.464081
1.431800
1.441368
1.430184
1.395899
1.380239
1.380026
1.366838
1.464254
1.477157
1.513167
1.514684
1.489657
1.467899
1.476133
1.541892
1.575516
1.548853
1.558260
1.603213
1.654716
1.649389
1.671606
1.513408
1.485997
1.463795
1.458554
1.453024
1.466507
1.448501
1.409861
1.409525
1.452592
1.429998
1.452963
1.437613
1.416387
1.392893
1.364303
1.393226
1.348585
1.364749
1.490964
1.513341
1.531145
1.522754
1.549823
1.530252
1.561478
1.544648
1.608200
1.550652
1.562394
1.524673
1.532608
1.569509
1.616631
1.662722
1.618465
1.484489
1.448421
1.439886
1.427739
1.412806
1.448145
1.441658
1.470034
1.460814
1.442221
1.412436
1.414919
1.373829
1.504875
1.535907
1.539956
1.562089
1.585679
1.603086
1.583475
1.516436
1.516238
1.557955
1.568719
1.578707
1.622487
1.610851
1.640618
1.665674
1.682394
1.695005
1.679530
1.568738
1.549956
1.573478
1.571550
1.499930
1.479238
1.486033
1.475142
1.499556
1.592686
1.619629
1.666961
1.686039
1.634626
1.656062
1.705015
1.624730
1.685471
1.731019
1.712437
1.746704
1.751029
1.799617
1.784439
1.833814
1.835640
1.847369
1.843548
1.659051
1.635163
1.650601
1.650466
1.579088
1.550569
1.513505
1.579576
1.664122
1.673267
1.730706
1.737553
1.660887
1.603857
1.579118
1.576710
1.560638
1.773633
1.838840
1.850017
1.812627
1.881565
1.903078
1.850253
1.911664
1.905676
1.915222
1.919246
1.897999
1.979865
1.975870
2.034473
2.108858
2.008629
1.952306
1.955048
1.879767
1.855294
2.001132
2.005225
2.047607
1.957877
2.025177
1.970540
1.905286
1.930486
1.869518
1.881585
1.843482
1.781600
1.734926
1.699829
1.760623
1.801073
1.788108
1.854954
1.830188
1.873400
1.739435
1.704049
1.711613
1.671194
1.714286
1.669418
1.686790
1.714386
1.673533
1.765197
1.776291
1.749847
1.723422
1.845635
1.754068
1.723536
1.661962
1.635408
1.736206
1.705475
1.711656
1.726044
1.643441
1.590246
1.571101
1.529910
1.580347
1.543111
1.547165
1.545799
1.602208
1.585349
1.586547
1.575165
1.615849
1.598514
1.627595
1.664191
1.649369
1.613330
1.681661
1.608448
1.613361
1.654570
1.645311
1.700686
1.748543
1.788817
1.819108
1.782783
1.759352
1.748404
1.787753
1.701771
1.788650
1.816932
1.768737
1.716652
1.843108
1.905340
1.919762
1.901770
1.786579
1.743250
1.733573
1.758017
1.769019
1.837278
1.846467
1.692210
1.681183
1.718493
1.717309
1.624082
1.608892
1.608618
1.632221
1.581146
1.751466
1.793423
1.784609
1.758417
1.864513
1.876747
1.878070
1.800873
1.801458
1.870211
1.900991
1.758868
1.760314
1.772396
1.713668
1.896024
1.970658
1.980717
1.926136
2.052428
2.063501
2.154489
2.217532
2.163948
2.250190
2.232007
2.161225
2.293657
2.278233
2.368947
2.466241
2.258713
2.181304
2.223470
2.182938
2.341748
2.417348
2.468905
2.404161
2.590296
2.653704
2.642092
2.596395
2.809596
2.825691
2.995359
3.011304
3.129084
2.683275
2.662253
2.519593
2.473520
2.730679
2.891312
2.455190
2.335811
2.287822
2.225728
2.291141
2.295610
2.194752
2.169635
2.153036
2.092879
2.164070
2.315403
2.268392
2.297535
2.236199
2.290637
2.234411
2.134082
2.262071
2.394835
2.433823
2.371529
2.318265
2.570215
2.631495
2.609264
2.367783
2.302011
2.197572
2.146797
2.307396
2.258528
2.248713
2.154691
2.170295
2.081206
2.058511
1.997304
2.065176
1.980840
1.961244
1.927830
2.110962
2.089425
2.104006
2.070901
2.137463
2.111452
2.146857
2.019532
2.156017
2.171199
2.115396
2.122346
2.274933
2.351729
2.465894
2.313147
2.060549
2.002929
2.038398
2.003453
1.945857
1.874649
1.853428
1.810347
1.882623
2.109337
2.151204
2.123117
2.120720
2.256925
2.297943
2.415537
2.271567
2.099916
2.052728
2.098528
2.057359
2.004402
2.053214
2.091734
2.184966
2.237298
2.334833
2.386509
2.252830
2.282310
2.372388
2.234863
2.375168
2.289796
2.358076
2.446967
2.572700
2.663167
2.436674
2.506788
2.464532
2.509174
2.583271
2.708223
2.739300
2.838202
2.644561
2.661044
2.740546
2.772355
2.528185
2.465814
2.350459
2.314513
2.293492
2.765291
2.840360
2.998101
3.088047
2.731063
2.608379
2.678733
3.043514
3.172476
3.242878
3.127495
3.060319
3.155499
3.014243
2.948818
2.954496
3.440402
3.505989
3.449508
3.577197
3.781613
3.262316
3.193887
3.136425
3.174505
3.041322
2.952585
2.778006
2.720809
2.983304
3.180707
2.900795
2.703683
2.563330
2.499732
2.556451
2.544518
2.612602
2.723399
2.581657
2.767000
2.674444
2.484543
2.661954
2.474915
2.557904
2.386010
2.320475
2.300242
2.299340
2.222689
2.218001
2.320803
2.267430
2.252762
2.187019
2.193994
2.209029
2.129504
2.061025
2.087443
2.053965
2.000507
2.144145
2.169353
2.245936
2.247108
2.188979
2.207670
2.266887
2.298400
2.365067
2.292634
2.304571
2.437557
2.562159
2.604771
2.750437
2.838907
2.976639
2.827352
2.209557
2.135518
2.091192
2.074103
2.068871
1.994814
1.943248
1.950413
1.894474
2.075437
2.017469
2.050998
2.005559
1.964660
1.921249
2.130573
2.167580
2.246468
2.328053
2.200566
2.249159
2.119748
2.227575
2.293836
2.384059
2.379912
2.224926
2.168258
2.151155
2.464040
2.556580
2.641228
2.688546
2.494310
2.374813
2.655112
2.745349
2.911223
2.945333
2.700817
2.557635
2.514478
2.539257
3.012022
3.210939
3.319691
3.522717
3.284873
3.221760
3.017172
3.275754
